crossing time (s)	slope (V/s)	crossing number
281474976710655.000000	181.080276	1771	0.000000
281474976710655.000000	175.406387	1772	0.000000
281474976710655.000000	Inf	1773	0.000000
281474976710655.000000	Inf	1774	0.000000
281474976710655.000000	Inf	1775	0.000000
281474976710655.000000	167.467758	1776	0.000000
281474976710655.000000	176.390869	1777	0.000000
281474976710655.000000	Inf	1778	0.000000
281474976710655.000000	Inf	1779	0.000000
281474976710655.000000	177.006699	1780	0.000000
281474976710655.000000	Inf	1781	0.000000
281474976710655.000000	Inf	1782	0.000000
281474976710655.000000	Inf	1783	0.000000
281474976710655.000000	176.879623	1784	0.000000
281474976710655.000000	Inf	1785	0.000000
281474976710655.000000	178.785294	1786	0.000000
281474976710655.000000	179.094955	1787	0.000000
281474976710655.000000	Inf	1788	0.000000
281474976710655.000000	90.645462	1789	0.000000
281474976710655.000000	Inf	1790	0.000000
281474976710655.000000	182.285126	1791	0.000000
281474976710655.000000	Inf	1792	0.000000
281474976710655.000000	Inf	1793	0.000000
281474976710655.000000	Inf	1794	0.000000
281474976710655.000000	177.828064	1795	0.000000
281474976710655.000000	178.125519	1796	0.000000
281474976710655.000000	Inf	1797	0.000000
281474976710655.000000	Inf	1798	0.000000
281474976710655.000000	178.436050	1799	0.000000
281474976710655.000000	Inf	1800	0.000000
281474976710655.000000	Inf	1801	0.000000
281474976710655.000000	Inf	1802	0.000000
281474976710655.000000	Inf	1803	0.000000
281474976710655.000000	179.468521	1804	0.000000
281474976710655.000000	Inf	1805	0.000000
281474976710655.000000	Inf	1806	0.000000
281474976710655.000000	181.847626	1807	0.000000
281474976710655.000000	Inf	1808	0.000000
281474976710655.000000	181.407745	1809	0.000000
281474976710655.000000	Inf	1810	0.000000
281474976710655.000000	Inf	1811	0.000000
281474976710655.000000	89.686310	1812	0.000000
281474976710655.000000	Inf	1813	0.000000
281474976710655.000000	Inf	1814	0.000000
281474976710655.000000	174.155136	1815	0.000000
281474976710655.000000	177.447495	1816	0.000000
281474976710655.000000	Inf	1817	0.000000
281474976710655.000000	179.380692	1818	0.000000
281474976710655.000000	178.527557	1819	0.000000
281474976710655.000000	Inf	1820	0.000000
281474976710655.000000	Inf	1821	0.000000
281474976710655.000000	Inf	1822	0.000000
281474976710655.000000	Inf	1823	0.000000
281474976710655.000000	172.097885	1824	0.000000
281474976710655.000000	Inf	1825	0.000000
281474976710655.000000	Inf	1826	0.000000
281474976710655.000000	Inf	1827	0.000000
281474976710655.000000	Inf	1828	0.000000
281474976710655.000000	Inf	1829	0.000000
281474976710655.000000	Inf	1830	0.000000
281474976710655.000000	Inf	1831	0.000000
281474976710655.000000	Inf	1832	0.000000
281474976710655.000000	Inf	1833	0.000000
281474976710655.000000	Inf	1834	0.000000
281474976710655.000000	Inf	1835	0.000000
281474976710655.000000	173.081650	1836	0.000000
281474976710655.000000	172.237686	1837	0.000000
281474976710655.000000	Inf	1838	0.000000
281474976710655.000000	Inf	1839	0.000000
281474976710655.000000	Inf	1840	0.000000
281474976710655.000000	168.277847	1841	0.000000
281474976710655.000000	161.678268	1842	0.000000
281474976710655.000000	Inf	1843	0.000000
281474976710655.000000	164.431122	1844	0.000000
281474976710655.000000	Inf	1845	0.000000
281474976710655.000000	166.555801	1846	0.000000
281474976710655.000000	167.007019	1847	0.000000
281474976710655.000000	Inf	1848	0.000000
281474976710655.000000	Inf	1849	0.000000
281474976710655.000000	162.332870	1850	0.000000
281474976710655.000000	166.003860	1851	0.000000
281474976710655.000000	Inf	1852	0.000000
281474976710655.000000	162.616074	1853	0.000000
281474976710655.000000	163.368164	1854	0.000000
281474976710655.000000	Inf	1855	0.000000
281474976710655.000000	160.067200	1856	0.000000
281474976710655.000000	Inf	1857	0.000000
281474976710655.000000	Inf	1858	0.000000
281474976710655.000000	158.774628	1859	0.000000
281474976710655.000000	161.929169	1860	0.000000
281474976710655.000000	160.882919	1861	0.000000
281474976710655.000000	Inf	1862	0.000000
281474976710655.000000	160.374252	1863	0.000000
281474976710655.000000	Inf	1864	0.000000
281474976710655.000000	153.446365	1865	0.000000
281474976710655.000000	159.610611	1866	0.000000
281474976710655.000000	Inf	1867	0.000000
281474976710655.000000	Inf	1868	0.000000
281474976710655.000000	Inf	1869	0.000000
281474976710655.000000	159.047501	1870	0.000000
281474976710655.000000	Inf	1871	0.000000
281474976710655.000000	157.409195	1872	0.000000
281474976710655.000000	Inf	1873	0.000000
281474976710655.000000	Inf	1874	0.000000
281474976710655.000000	159.028076	1875	0.000000
281474976710655.000000	158.873871	1876	0.000000
281474976710655.000000	158.066452	1877	0.000000
281474976710655.000000	154.079330	1878	0.000000
281474976710655.000000	160.039536	1879	0.000000
281474976710655.000000	Inf	1880	0.000000
281474976710655.000000	158.041885	1881	0.000000
281474976710655.000000	Inf	1882	0.000000
281474976710655.000000	Inf	1883	0.000000
281474976710655.000000	Inf	1884	0.000000
281474976710655.000000	Inf	1885	0.000000
281474976710655.000000	155.058716	1886	0.000000
281474976710655.000000	Inf	1887	0.000000
281474976710655.000000	156.968307	1888	0.000000
281474976710655.000000	157.284317	1889	0.000000
281474976710655.000000	Inf	1890	0.000000
281474976710655.000000	Inf	1891	0.000000
281474976710655.000000	156.514359	1892	0.000000
281474976710655.000000	152.880783	1893	0.000000
281474976710655.000000	155.462936	1894	0.000000
281474976710655.000000	Inf	1895	0.000000
281474976710655.000000	Inf	1896	0.000000
281474976710655.000000	Inf	1897	0.000000
281474976710655.000000	Inf	1898	0.000000
281474976710655.000000	161.021454	1899	0.000000
281474976710655.000000	Inf	1900	0.000000
281474976710655.000000	155.465363	1901	0.000000
281474976710655.000000	153.316254	1902	0.000000
281474976710655.000000	158.044281	1903	0.000000
281474976710655.000000	Inf	1904	0.000000
281474976710655.000000	156.107056	1905	0.000000
281474976710655.000000	154.051422	1906	0.000000
281474976710655.000000	Inf	1907	0.000000
281474976710655.000000	148.807770	1908	0.000000
281474976710655.000000	Inf	1909	0.000000
281474976710655.000000	Inf	1910	0.000000
281474976710655.000000	153.508423	1911	0.000000
281474976710655.000000	152.964233	1912	0.000000
281474976710655.000000	Inf	1913	0.000000
281474976710655.000000	Inf	1914	0.000000
281474976710655.000000	152.830353	1915	0.000000
281474976710655.000000	Inf	1916	0.000000
281474976710655.000000	Inf	1917	0.000000
281474976710655.000000	75.071945	1918	0.000000
281474976710655.000000	Inf	1919	0.000000
281474976710655.000000	150.701035	1920	0.000000
281474976710655.000000	Inf	1921	0.000000
281474976710655.000000	Inf	1922	0.000000
281474976710655.000000	75.989822	1923	0.000000
281474976710655.000000	Inf	1924	0.000000
281474976710655.000000	152.708939	1925	0.000000
281474976710655.000000	147.727371	1926	0.000000
281474976710655.000000	Inf	1927	0.000000
281474976710655.000000	145.241516	1928	0.000000
281474976710655.000000	153.530533	1929	0.000000
281474976710655.000000	73.065193	1930	0.000000
281474976710655.000000	Inf	1931	0.000000
281474976710655.000000	145.945663	1932	0.000000
281474976710655.000000	Inf	1933	0.000000
281474976710655.000000	Inf	1934	0.000000
281474976710655.000000	148.141571	1935	0.000000
281474976710655.000000	145.093628	1936	0.000000
281474976710655.000000	147.946823	1937	0.000000
281474976710655.000000	Inf	1938	0.000000
281474976710655.000000	148.189011	1939	0.000000
281474976710655.000000	144.631577	1940	0.000000
281474976710655.000000	Inf	1941	0.000000
281474976710655.000000	144.170380	1942	0.000000
281474976710655.000000	146.778961	1943	0.000000
281474976710655.000000	Inf	1944	0.000000
281474976710655.000000	Inf	1945	0.000000
281474976710655.000000	144.099823	1946	0.000000
281474976710655.000000	151.470474	1947	0.000000
281474976710655.000000	73.570152	1948	0.000000
281474976710655.000000	Inf	1949	0.000000
281474976710655.000000	145.353821	1950	0.000000
281474976710655.000000	143.560898	1951	0.000000
281474976710655.000000	72.050468	1952	0.000000
281474976710655.000000	146.209122	1953	0.000000
281474976710655.000000	Inf	1954	0.000000
281474976710655.000000	144.264557	1955	0.000000
281474976710655.000000	Inf	1956	0.000000
281474976710655.000000	142.889633	1957	0.000000
281474976710655.000000	Inf	1958	0.000000
281474976710655.000000	143.870468	1959	0.000000
281474976710655.000000	141.235046	1960	0.000000
281474976710655.000000	71.036781	1961	0.000000
281474976710655.000000	139.917526	1962	0.000000
281474976710655.000000	Inf	1963	0.000000
281474976710655.000000	138.788574	1964	0.000000
281474976710655.000000	144.742126	1965	0.000000
281474976710655.000000	141.620819	1966	0.000000
281474976710655.000000	141.968475	1967	0.000000
281474976710655.000000	68.986664	1968	0.000000
281474976710655.000000	Inf	1969	0.000000
281474976710655.000000	137.299896	1970	0.000000
281474976710655.000000	70.817833	1971	0.000000
281474976710655.000000	Inf	1972	0.000000
281474976710655.000000	142.108124	1973	0.000000
281474976710655.000000	Inf	1974	0.000000
281474976710655.000000	141.627670	1975	0.000000
281474976710655.000000	136.761063	1976	0.000000
281474976710655.000000	139.048325	1977	0.000000
281474976710655.000000	137.005905	1978	0.000000
281474976710655.000000	Inf	1979	0.000000
281474976710655.000000	134.997162	1980	0.000000
281474976710655.000000	Inf	1981	0.000000
281474976710655.000000	132.976410	1982	0.000000
281474976710655.000000	67.538780	1983	0.000000
281474976710655.000000	66.098282	1984	0.000000
281474976710655.000000	68.031349	1985	0.000000
281474976710655.000000	135.527954	1986	0.000000
281474976710655.000000	Inf	1987	0.000000
281474976710655.000000	136.270828	1988	0.000000
281474976710655.000000	139.910400	1989	0.000000
281474976710655.000000	134.781525	1990	0.000000
281474976710655.000000	139.706573	1991	0.000000
281474976710655.000000	132.949478	1992	0.000000
281474976710655.000000	70.190842	1993	0.000000
281474976710655.000000	Inf	1994	0.000000
281474976710655.000000	Inf	1995	0.000000
281474976710655.000000	129.637009	1996	0.000000
281474976710655.000000	138.118469	1997	0.000000
281474976710655.000000	137.423233	1998	0.000000
281474976710655.000000	136.519363	1999	0.000000
281474976710655.000000	131.693069	2000	0.000000
281474976710655.000000	136.442047	2001	0.000000
281474976710655.000000	67.153305	2002	0.000000
281474976710655.000000	Inf	2003	0.000000
281474976710655.000000	Inf	2004	0.000000
281474976710655.000000	135.542099	2005	0.000000
281474976710655.000000	133.394196	2006	0.000000
281474976710655.000000	Inf	2007	0.000000
281474976710655.000000	131.530426	2008	0.000000
281474976710655.000000	66.143250	2009	0.000000
281474976710655.000000	Inf	2010	0.000000
281474976710655.000000	Inf	2011	0.000000
281474976710655.000000	131.838867	2012	0.000000
281474976710655.000000	133.750748	2013	0.000000
281474976710655.000000	Inf	2014	0.000000
281474976710655.000000	131.690826	2015	0.000000
281474976710655.000000	133.339813	2016	0.000000
281474976710655.000000	Inf	2017	0.000000
281474976710655.000000	Inf	2018	0.000000
281474976710655.000000	132.962006	2019	0.000000
281474976710655.000000	128.181168	2020	0.000000
281474976710655.000000	131.584274	2021	0.000000
281474976710655.000000	132.067673	2022	0.000000
281474976710655.000000	128.919540	2023	0.000000
281474976710655.000000	62.302589	2024	0.000000
281474976710655.000000	Inf	2025	0.000000
281474976710655.000000	126.031410	2026	0.000000
281474976710655.000000	Inf	2027	0.000000
281474976710655.000000	Inf	2028	0.000000
281474976710655.000000	65.463867	2029	0.000000
281474976710655.000000	127.156311	2030	0.000000
281474976710655.000000	131.005402	2031	0.000000
281474976710655.000000	Inf	2032	0.000000
281474976710655.000000	132.301178	2033	0.000000
281474976710655.000000	Inf	2034	0.000000
281474976710655.000000	132.799408	2035	0.000000
281474976710655.000000	120.605186	2036	0.000000
281474976710655.000000	131.249130	2037	0.000000
281474976710655.000000	127.511223	2038	0.000000
281474976710655.000000	128.867920	2039	0.000000
281474976710655.000000	Inf	2040	0.000000
281474976710655.000000	130.125229	2041	0.000000
281474976710655.000000	124.407776	2042	0.000000
281474976710655.000000	Inf	2043	0.000000
281474976710655.000000	124.014610	2044	0.000000
281474976710655.000000	125.466858	2045	0.000000
281474976710655.000000	123.434181	2046	0.000000
281474976710655.000000	131.844513	2047	0.000000
281474976710655.000000	Inf	2048	0.000000
281474976710655.000000	131.788132	2049	0.000000
281474976710655.000000	126.078362	2050	0.000000
281474976710655.000000	124.317169	2051	0.000000
281474976710655.000000	123.490059	2052	0.000000
281474976710655.000000	127.268372	2053	0.000000
281474976710655.000000	122.570229	2054	0.000000
281474976710655.000000	125.812897	2055	0.000000
281474976710655.000000	124.267639	2056	0.000000
281474976710655.000000	Inf	2057	0.000000
281474976710655.000000	Inf	2058	0.000000
281474976710655.000000	125.648560	2059	0.000000
281474976710655.000000	121.641571	2060	0.000000
281474976710655.000000	126.944939	2061	0.000000
281474976710655.000000	Inf	2062	0.000000
281474976710655.000000	125.565781	2063	0.000000
281474976710655.000000	118.227188	2064	0.000000
281474976710655.000000	123.839569	2065	0.000000
281474976710655.000000	117.204308	2066	0.000000
281474976710655.000000	124.611366	2067	0.000000
281474976710655.000000	119.403069	2068	0.000000
281474976710655.000000	61.602688	2069	0.000000
281474976710655.000000	Inf	2070	0.000000
281474976710655.000000	126.001411	2071	0.000000
281474976710655.000000	121.264519	2072	0.000000
281474976710655.000000	121.692703	2073	0.000000
281474976710655.000000	59.139252	2074	0.000000
281474976710655.000000	123.905182	2075	0.000000
281474976710655.000000	114.676659	2076	0.000000
281474976710655.000000	124.623360	2077	0.000000
281474976710655.000000	118.776009	2078	0.000000
281474976710655.000000	122.481476	2079	0.000000
281474976710655.000000	119.174667	2080	0.000000
281474976710655.000000	59.289940	2081	0.000000
281474976710655.000000	118.107491	2082	0.000000
281474976710655.000000	Inf	2083	0.000000
281474976710655.000000	119.161369	2084	0.000000
281474976710655.000000	Inf	2085	0.000000
281474976710655.000000	118.671066	2086	0.000000
281474976710655.000000	121.316063	2087	0.000000
281474976710655.000000	118.256989	2088	0.000000
281474976710655.000000	59.829201	2089	0.000000
281474976710655.000000	57.045082	2090	0.000000
281474976710655.000000	123.518356	2091	0.000000
281474976710655.000000	117.614830	2092	0.000000
281474976710655.000000	81.474846	2093	0.000000
281474976710655.000000	118.036888	2094	0.000000
281474976710655.000000	122.149155	2095	0.000000
281474976710655.000000	Inf	2096	0.000000
281474976710655.000000	Inf	2097	0.000000
281474976710655.000000	115.167686	2098	0.000000
281474976710655.000000	120.530006	2099	0.000000
281474976710655.000000	117.002937	2100	0.000000
281474976710655.000000	117.023949	2101	0.000000
281474976710655.000000	114.572639	2102	0.000000
281474976710655.000000	58.517185	2103	0.000000
281474976710655.000000	Inf	2104	0.000000
281474976710655.000000	Inf	2105	0.000000
281474976710655.000000	117.898994	2106	0.000000
281474976710655.000000	Inf	2107	0.000000
281474976710655.000000	111.245270	2108	0.000000
281474976710655.000000	119.741608	2109	0.000000
281474976710655.000000	110.477180	2110	0.000000
281474976710655.000000	116.858177	2111	0.000000
281474976710655.000000	115.855690	2112	0.000000
281474976710655.000000	118.868042	2113	0.000000
281474976710655.000000	110.184769	2114	0.000000
281474976710655.000000	116.265083	2115	0.000000
281474976710655.000000	114.681007	2116	0.000000
281474976710655.000000	114.976425	2117	0.000000
