num crossings	time (s)	maj axis (mm)	min axis (mm)	theta (rad )	slope (V/s)
599	829.502736	76.379234	25.376601	2.871942	65.042436
601	831.571715	74.728025	27.178237	2.871836	69.152839
603	833.640005	73.874549	26.679034	2.882408	67.394738
605	835.708422	74.441370	25.372860	2.905000	67.304581
607	837.776571	74.819860	26.473968	2.871013	65.586883
609	839.846233	74.171507	26.882077	2.898252	62.675995
611	841.917416	72.760189	27.868498	2.896313	64.818103
613	843.988330	71.336155	26.579732	2.901242	63.146881
615	846.055215	73.894293	25.829828	2.904330	66.944155
617	848.120102	75.835834	26.196008	2.888956	64.528091
619	850.188086	74.560682	26.290051	2.886590	64.137134
621	852.260766	73.934102	26.458212	2.888030	61.558791
623	854.330670	72.992005	25.537827	2.954211	60.762309
625	856.396037	74.149462	26.468232	2.928447	63.446526
627	858.462164	73.075897	27.334101	2.927864	63.656048
629	860.531562	73.405660	27.374390	2.925480	61.133527
631	862.602701	71.977419	28.404291	2.946621	60.973336
633	864.673141	72.687189	27.642689	2.948811	59.905244
635	866.741292	72.208350	27.638621	2.984309	60.246279
637	868.808866	71.829171	26.886535	2.947412	61.853455
639	870.876649	70.692383	28.114583	2.920718	61.770347
641	872.944228	71.721620	26.297987	2.975047	61.663877
643	875.012919	71.973145	25.797680	2.988839	61.533925
645	877.081674	70.724259	26.803384	2.975639	58.131802
647	879.150661	72.299094	27.384610	2.964245	57.777878
649	881.219379	70.261546	27.785541	3.005337	60.548072
651	883.287207	71.982565	26.916734	2.984899	58.027740
653	885.353354	73.331308	26.294817	2.990170	58.478819
655	887.419389	70.360133	26.290187	3.001326	57.346729
657	889.487041	70.964101	26.907797	3.012181	59.243088
659	891.557321	68.951705	26.445214	3.016882	59.714091
661	893.628598	70.802027	26.855603	3.001215	58.582971
663	895.697522	70.171263	27.205475	3.009588	58.523350
665	897.763398	70.741356	27.112521	3.035529	57.672111
667	899.829167	71.899390	26.685364	3.025075	56.373157
669	901.896649	69.994907	26.810416	3.057043	57.345189
671	903.965829	68.626359	26.865612	3.032278	56.989843
673	906.035439	69.249839	27.211305	3.058620	56.903249
675	908.104980	68.951071	26.881793	3.046660	56.626298
677	910.174048	68.832718	27.351043	3.080689	58.261796
679	912.242148	68.371920	27.094941	3.078892	56.940018
681	914.310061	69.211337	26.802750	3.081138	56.435646
683	916.377376	67.766432	26.485386	3.058189	57.062410
685	918.444021	67.443774	27.570646	3.048366	56.339912
687	920.510538	68.779250	27.642667	3.077859	56.441217
689	922.577982	69.119754	26.502563	3.083610	55.862466
691	924.646626	69.000048	26.420155	3.118260	55.016246
693	926.717627	69.548157	26.903099	3.108924	54.297420
695	928.788060	67.125669	27.780544	3.105841	54.487861
697	930.856441	67.958876	27.197311	3.070873	55.749358
699	932.922407	67.308969	27.280942	3.133456	54.019861
701	934.987935	66.634657	27.043972	3.127438	55.660524
703	937.054390	66.909801	26.426588	3.116599	55.601757
705	939.122134	66.876993	28.530737	3.118936	54.866128
707	941.190979	66.054603	28.174934	3.097589	52.759069
709	943.260063	67.327432	27.494127	3.139973	53.927061
711	945.328987	66.046778	27.882141	3.142254	54.638700
713	947.397242	67.285777	27.474467	3.157446	54.080962
715	949.465139	63.192476	27.180890	3.115992	53.560396
717	951.532343	65.118929	27.135169	3.160139	51.387607
719	953.599029	66.901340	26.647315	3.186406	52.187285
721	955.665965	66.860531	27.312615	3.166031	53.355666
723	957.733418	67.005123	26.512422	3.163857	52.862853
725	959.801959	65.487681	27.440916	3.184980	52.488991
727	961.871293	64.039996	28.151565	3.193655	55.088061
731	966.010343	64.876864	27.193377	3.215682	53.617384
733	968.078012	63.724832	26.972752	3.195177	50.821719
735	970.144279	64.061361	25.599402	3.193127	53.407347
737	972.209987	64.743379	26.100269	3.222583	52.571918
739	974.276005	64.694939	26.119680	3.256802	53.781627
741	976.342940	65.299765	27.639866	3.203813	53.872517
743	978.410869	62.910557	27.023114	3.256353	53.571327
745	980.478746	63.214928	25.759009	3.225744	55.080616
747	982.546766	65.392287	25.796635	3.228829	53.310854
749	984.614771	63.687831	26.070854	3.267683	52.693810
751	986.682219	62.774124	26.424217	3.233247	53.467878
753	988.749642	65.860482	25.577121	3.227795	52.153465
755	990.817038	63.421831	25.650913	3.288304	53.195640
757	992.884391	61.948918	26.508563	3.268418	53.611502
759	994.952664	62.114568	26.754276	3.253893	51.924286
761	997.021059	62.778029	27.424828	3.287333	51.646586
765	1001.160250	62.275194	27.488409	3.298606	52.071475
767	1003.229008	62.319782	27.118761	3.296434	52.564790
769	1005.296313	62.593021	26.306832	3.319926	53.664668
771	1007.362364	59.677437	26.393762	3.298199	53.832429
775	1011.493683	61.379918	25.264168	3.285578	52.335241
777	1013.560173	63.677276	24.774817	3.288063	52.804262
779	1015.627397	61.348720	24.589599	3.295510	50.705474
781	1017.695104	61.925606	25.302621	3.323970	51.153423
783	1019.762927	59.708889	26.282169	3.359918	50.397545
785	1021.830426	60.321112	26.645922	3.317906	49.928452
787	1023.897831	61.931433	25.260605	3.280695	51.514940
789	1025.964747	61.811241	23.995582	3.357745	51.135156
791	1028.032018	62.292321	25.519718	3.331002	51.283740
793	1030.099336	61.075741	24.870905	3.349238	50.236654
795	1032.167242	60.798883	25.314123	3.342306	50.126863
797	1034.235798	59.418440	26.529850	3.371264	51.658840
799	1036.304735	59.666895	26.552638	3.359675	51.681600
801	1038.373511	60.561547	26.393302	3.360093	50.960014
805	1042.509875	62.938828	19.491739	3.363165	51.144717
807	1044.577217	58.187865	23.420474	3.305247	50.174670
809	1046.643553	62.212839	24.356605	3.375959	48.985245
811	1048.709876	60.842633	23.351035	3.400029	49.995205
813	1050.775639	62.057647	23.344800	3.403441	50.507285
815	1052.842017	59.743674	23.230291	3.400012	50.049827
817	1054.908536	61.715920	23.947910	3.389599	50.153800
819	1056.975096	61.349676	22.472494	3.378898	48.892726
821	1059.042357	59.332975	23.404575	3.426136	49.360148
823	1061.109600	61.644936	22.441249	3.404415	48.545378
825	1063.177104	59.914095	22.794639	3.409700	48.795043
827	1065.244008	61.994163	23.132354	3.403388	51.216187
829	1067.311638	59.639998	22.762528	3.432552	49.128547
831	1069.379301	60.291314	22.512623	3.423304	48.720911
833	1071.447026	60.552104	22.842485	3.427646	49.978685
835	1073.515301	59.279219	22.417583	3.442170	48.304696
837	1075.583989	60.851371	22.426078	3.439880	47.601305
839	1077.652293	59.717319	22.074846	3.462131	48.384894
841	1079.720627	60.123102	22.357282	3.435929	49.671286
843	1081.787956	60.812832	22.187522	3.447913	49.159297
845	1083.854851	58.971012	22.382097	3.457593	48.209117
847	1085.920864	60.335298	22.408329	3.455732	48.180202
849	1087.986379	59.897246	21.895349	3.477689	49.803046
851	1090.051966	59.391728	21.845473	3.452858	49.753335
853	1092.117780	58.976735	21.727436	3.432160	49.458806
855	1094.184233	58.573852	21.642960	3.473756	47.492475
857	1096.251036	60.031392	22.052623	3.453314	50.631111
859	1098.317910	59.226488	21.873208	3.490138	46.247218
861	1100.385187	59.279029	21.688994	3.473226	47.033144
863	1102.452257	59.381681	21.314768	3.439928	48.190883
865	1104.519217	59.807256	21.384422	3.491071	47.908886
867	1106.586565	58.931534	21.585646	3.489050	48.706801
869	1108.653792	58.298516	21.244579	3.490635	47.641959
