num crossings	time (s)	maj axis (mm)	min axis (mm)	theta (rad )	slope (V/s)
2515	3054.068340	56.252444	25.410237	1.686014	18.825066
2517	3056.131139	56.482435	25.182457	1.698017	24.637707
2519	3058.204233	54.307479	25.154577	1.698516	24.865243
2521	3060.275745	55.847004	24.935655	1.715210	24.102266
2523	3062.345588	53.815383	24.730769	1.694277	23.493112
2525	3064.409889	55.374121	24.903858	1.716440	21.010703
2527	3066.479741	55.430387	25.174917	1.704503	18.325963
2529	3068.547016	55.612362	24.602336	1.719034	25.231253
2531	3070.611910	55.814980	24.555107	1.712516	23.624843
2533	3072.678103	55.658798	24.606877	1.703077	20.770674
2535	3074.745274	55.549817	25.443394	1.700591	20.347365
2537	3076.815358	55.544607	24.549530	1.712733	25.155784
2539	3078.883259	55.133181	24.781193	1.728336	25.204556
2541	3080.956188	54.137939	24.401858	1.733927	23.033108
2543	3083.024537	54.531895	24.227990	1.749683	24.033444
2545	3085.093039	54.569250	24.527321	1.732966	23.484289
2547	3087.161556	55.134524	24.507021	1.747813	24.046491
2549	3089.230523	55.405175	24.215412	1.768806	25.604061
2551	3091.299033	55.060952	23.904659	1.766698	25.123213
2553	3093.367811	54.416899	23.919514	1.767529	25.794035
2555	3095.434664	54.171671	23.934981	1.755373	25.478366
2557	3097.502464	54.939997	24.020659	1.767506	24.685406
2559	3099.568102	54.437296	23.726455	1.752838	27.013517
2561	3101.634255	54.044288	23.967395	1.741403	25.150802
2563	3103.702547	53.621839	23.769346	1.741970	25.645225
2565	3105.770047	55.201105	23.592753	1.752601	25.909155
2567	3107.838481	54.039482	23.985054	1.760243	24.392941
2569	3109.908418	53.916819	23.770470	1.762294	24.213692
2571	3111.978743	54.037941	23.473294	1.772751	24.224354
2573	3114.047351	51.310936	22.883578	1.758088	25.416896
2575	3116.117816	53.091996	23.088026	1.790684	23.910514
2577	3118.186747	52.693330	23.722101	1.804618	25.843926
2579	3120.254713	53.182154	23.389509	1.810072	26.040056
2581	3122.324945	53.164837	23.149763	1.810490	25.361687
2583	3124.392692	52.194801	22.946966	1.812201	26.675995
2585	3126.460758	50.340567	22.997971	1.787010	26.042713
2587	3128.529365	51.575106	22.555816	1.801774	26.236368
2589	3130.597696	53.176012	22.852745	1.816816	27.034824
2591	3132.666184	52.952253	23.305642	1.832032	26.636197
2593	3134.734107	53.126179	23.046227	1.839773	26.457694
2595	3136.802230	52.402499	23.084522	1.823813	26.564471
2597	3138.870592	53.143167	22.956308	1.844990	26.156002
2599	3140.937870	53.942087	22.967526	1.845148	26.295153
2601	3143.004532	52.635884	22.923236	1.834436	25.727266
2603	3145.071933	52.689000	22.473444	1.833070	26.251734
2605	3147.138800	53.237169	22.332442	1.828062	26.820000
2607	3149.206148	53.099601	22.309002	1.824043	27.151699
2609	3151.273671	52.916905	22.377962	1.818315	27.380802
2611	3153.340792	52.645396	22.457600	1.830751	27.848404
2613	3155.409379	50.854079	21.886084	1.812864	28.467483
2615	3157.478665	51.300304	21.822601	1.824203	28.245826
2617	3159.547647	51.716270	22.167400	1.837179	30.107612
2619	3161.617060	51.796248	22.509228	1.857615	29.117602
2621	3163.686309	51.451990	22.425103	1.864815	29.392345
2623	3165.754810	52.507365	22.365314	1.875097	29.571403
2625	3167.822967	52.009249	22.334712	1.873852	29.193015
2627	3169.891149	51.388202	21.724531	1.865114	29.977990
2629	3171.958973	52.133681	22.016985	1.873708	28.880077
2631	3174.026808	51.998801	21.633226	1.875820	28.615567
2633	3176.093849	51.559497	21.765124	1.873419	29.932841
2635	3178.160641	51.763531	21.837540	1.863802	29.296651
2637	3180.228167	50.659593	21.275250	1.852577	29.946560
2639	3182.295808	51.931913	21.681742	1.864663	28.986865
2641	3184.364437	51.620141	21.638562	1.868118	28.686597
2643	3186.433272	52.467414	21.411945	1.879777	28.333797
2645	3188.502085	51.059775	21.833066	1.883378	28.133501
2647	3190.571315	52.281670	21.318413	1.889452	28.224842
2649	3192.640794	51.526139	21.237828	1.886985	28.506670
2651	3194.710073	49.276283	21.293529	1.865702	28.974359
2653	3196.778826	50.912728	21.124232	1.898124	28.668379
2655	3198.848122	51.018668	21.120216	1.903882	28.573657
2657	3200.916856	50.075630	20.962717	1.907289	27.841577
2659	3202.985627	50.506222	20.815675	1.916095	28.540088
2661	3205.053794	48.691319	20.895598	1.916694	29.112423
2663	3207.122019	50.863316	21.214971	1.937377	28.871600
2665	3209.190529	50.368097	21.016929	1.932482	28.960634
2667	3211.258343	50.836456	20.931551	1.937125	28.768588
2669	3213.326266	50.751351	20.651492	1.925084	29.448251
2671	3215.394622	49.120851	20.689812	1.920761	29.505594
2673	3217.461761	48.043663	20.522590	1.913528	29.403804
2675	3219.529471	49.728435	20.464387	1.922923	28.287283
2677	3221.596599	50.141932	20.630722	1.928600	29.202220
2679	3223.663867	48.972038	20.501349	1.906330	28.809003
2681	3225.731023	49.509499	20.327815	1.911757	29.151192
2683	3227.798110	49.317540	20.493614	1.918263	30.260279
2685	3229.865964	50.062472	20.420984	1.942360	29.315081
2687	3231.933067	49.926751	20.734575	1.936042	30.063218
2689	3234.000792	49.757561	20.404778	1.935449	30.318882
2691	3236.068714	46.693947	19.628831	1.901272	30.594304
2693	3238.136926	51.011163	20.220580	1.949921	30.360816
2695	3240.205468	49.687540	20.159566	1.943201	30.712337
2697	3242.274226	50.383615	20.382412	1.959402	31.198968
2699	3244.342717	50.647616	19.976522	1.959027	31.017718
2701	3246.411822	49.712715	19.894840	1.959430	31.110796
2703	3248.479475	49.453016	19.488772	1.936785	30.793702
2705	3250.547772	48.818679	20.018771	1.948766	30.583582
2707	3252.615917	48.883359	19.746961	1.958046	31.636582
2709	3254.683393	50.036004	19.863012	1.969096	30.776406
2711	3256.751351	50.014196	19.981345	1.979011	31.513317
2713	3258.818768	49.136752	19.935123	1.968787	30.198542
2715	3260.886451	49.163059	19.941361	1.966485	30.212190
2717	3262.954491	48.638344	19.613469	1.962392	30.679064
2719	3265.022807	50.180996	19.852561	1.986174	29.957403
2721	3267.090927	49.409008	19.458752	1.967374	29.776593
2723	3269.159905	47.710869	19.362371	1.959919	29.457012
2725	3271.229053	49.350597	19.592120	1.988818	29.797747
2727	3273.297804	48.818950	19.414331	1.990789	30.248721
